examples/latest.grid
ncols 886
nrows 691
xllcenter 112.0000
yllcenter -44.5000
cellsize 0.0500
nodata_value 99999.90
[rows 374 to 407 of 691, columns 693 to 769 of 886]
18.34 18.37 18.36 18.36 18.38 18.40 18.34 18.42 18.44 18.47 18.49 18.51 18.53 18.53 18.58 18.59 18.58 18.56 18.56 18.57 18.54 18.55 18.54 18.52 18.49 18.46 18.45 18.45 18.45 18.47 18.48 18.50 18.51 18.55 18.59 18.61 18.65 18.65 18.71 18.68 18.74 18.75 18.76 18.80 18.83 18.85 18.88 18.82 18.68 18.67 18.75 18.78 18.78 18.70 18.62 18.56 18.51 18.43 18.34 18.22 18.13 18.03 17.93 17.87 17.79 17.70 17.63 17.55 17.48 17.44 17.42 17.37 17.33 17.29 17.31 17.30 17.23
18.25 18.25 18.25 18.23 18.29 18.25 18.26 18.33 18.34 18.36 18.37 18.41 18.40 18.43 18.46 18.44 18.47 18.46 18.50 18.48 18.48 18.44 18.42 18.40 18.39 18.35 18.36 18.35 18.35 18.36 18.37 18.38 18.41 18.42 18.45 18.51 18.54 18.56 18.62 18.61 18.66 18.68 18.70 18.74 18.78 18.78 18.76 18.76 18.65 18.65 18.74 18.77 18.73 18.67 18.60 18.51 18.44 18.36 18.26 18.15 18.06 17.95 17.88 17.83 17.74 17.65 17.57 17.50 17.47 17.44 17.40 17.32 17.33 17.29 17.25 17.22 17.14
18.17 18.17 18.19 18.20 18.20 18.16 18.19 18.18 18.23 18.27 18.28 18.31 18.31 18.33 18.34 18.36 18.38 18.39 18.39 18.40 18.40 18.35 18.33 18.31 18.27 18.27 18.25 18.25 18.25 18.23 18.26 18.28 18.30 18.32 18.35 18.39 18.45 18.46 18.50 18.53 18.57 18.61 18.64 18.66 18.67 18.66 18.67 18.62 18.71 18.71 18.74 18.71 18.66 18.58 18.52 18.45 18.36 18.28 18.19 18.08 18.00 17.91 17.82 17.76 17.68 17.59 17.52 17.48 17.43 17.37 17.36 17.30 17.21 17.13 17.10 17.14 17.05
18.09 18.10 18.10 18.09 18.11 18.03 18.10 18.15 18.19 18.19 18.21 18.22 18.22 18.26 18.29 18.28 18.32 18.33 18.32 18.32 18.29 18.27 18.25 18.21 18.18 18.18 18.14 18.14 18.16 18.18 17.98 18.20 18.18 18.20 18.23 18.28 18.34 18.36 18.39 18.43 18.47 18.52 18.56 18.59 18.55 18.63 18.66 18.58 18.64 18.69 18.66 18.63 18.59 18.50 18.45 18.37 18.27 18.20 18.13 18.04 17.93 17.84 17.76 17.69 17.62 17.53 17.46 17.35 17.33 17.27 17.25 17.19 17.12 16.95 17.02 17.05 17.00
17.96 18.02 17.93 18.00 18.03 17.92 18.00 18.07 18.08 18.11 18.11 18.14 18.15 18.18 18.20 18.23 18.24 18.25 18.23 18.22 18.19 18.18 18.14 18.11 18.09 18.06 18.04 18.02 18.05 18.05 18.04 18.02 18.07 18.08 18.11 18.17 18.19 18.24 18.26 18.30 18.33 18.39 18.44 18.40 18.42 18.43 18.61 18.60 18.63 18.57 18.55 18.55 18.50 18.44 18.35 18.27 18.17 18.11 18.05 17.96 17.85 17.78 17.68 17.62 17.56 17.45 17.32 17.18 17.21 17.19 17.17 17.13 17.05 16.99 16.99 16.98 16.90
17.90 17.85 17.91 17.89 17.92 17.83 17.92 17.96 18.00 18.01 18.02 18.03 18.06 18.09 18.11 18.14 18.18 18.15 18.14 18.09 18.08 18.04 18.04 18.01 18.00 17.98 17.96 17.93 17.93 17.95 17.91 17.87 17.94 17.97 18.01 18.04 18.06 18.12 18.15 18.20 18.23 18.28 18.33 18.39 18.38 18.42 18.52 18.55 18.50 18.47 18.43 18.42 18.41 18.35 18.26 18.19 18.11 18.03 17.96 17.86 17.77 17.70 17.61 17.51 17.47 17.37 17.26 17.15 17.15 17.08 17.05 17.03 16.98 16.99 16.88 16.89 16.83
17.84 17.73 17.80 17.83 17.85 17.79 17.77 17.89 17.90 17.93 17.95 17.96 17.98 18.04 18.06 18.09 18.09 18.06 18.05 18.02 18.01 17.98 17.92 17.91 17.89 17.88 17.73 17.66 17.84 17.85 17.79 17.81 17.74 17.87 17.91 17.93 17.95 17.92 18.01 18.05 18.11 18.16 18.19 18.30 18.33 18.38 18.39 18.39 18.37 18.40 18.31 18.31 18.26 18.21 18.16 18.08 18.00 17.91 17.84 17.76 17.67 17.60 17.53 17.43 17.32 17.26 17.18 17.12 17.08 17.00 16.93 16.90 16.79 16.74 16.72 16.49 16.61
17.70 17.73 17.81 17.83 17.79 17.84 17.76 17.83 17.86 17.87 17.90 17.91 17.95 17.98 18.00 18.00 17.98 17.98 17.94 17.93 17.89 17.87 17.83 17.82 17.81 17.68 17.61 17.54 17.66 17.75 17.73 17.72 17.76 17.78 17.81 17.80 17.83 17.84 17.87 17.93 17.98 18.00 17.98 18.10 18.22 18.24 18.25 18.29 18.28 18.24 18.21 18.17 18.14 18.08 18.04 17.97 17.89 17.82 17.74 17.64 17.58 17.48 17.42 17.34 17.25 17.16 17.10 17.02 16.99 16.90 16.84 16.80 16.81 16.67 16.66 16.49 16.29
17.60 17.75 17.77 17.76 17.77 17.80 17.81 17.79 17.78 17.83 17.85 17.86 17.89 17.93 17.93 17.92 17.91 17.87 17.86 17.83 17.80 17.79 17.76 17.73 17.73 17.64 17.63 17.58 17.65 17.64 17.63 17.64 17.64 17.67 17.69 17.69 17.72 17.73 17.74 17.79 17.81 17.87 17.90 18.02 18.05 18.09 18.13 18.10 18.09 18.09 18.07 18.04 18.01 17.96 17.90 17.85 17.79 17.70 17.62 17.54 17.49 17.42 17.32 17.26 17.18 17.12 17.06 17.01 16.96 16.88 16.76 16.67 16.58 16.64 16.49 16.41 16.48
17.70 17.70 17.71 17.70 17.71 17.75 17.70 17.74 17.76 17.79 17.80 17.84 17.85 17.86 17.86 17.82 17.81 17.80 17.76 17.72 17.71 17.70 17.66 17.64 17.63 17.46 17.55 17.56 17.52 17.53 17.53 17.54 17.54 17.56 17.56 17.58 17.60 17.60 17.62 17.64 17.70 17.73 17.80 17.88 17.93 17.94 17.92 17.94 17.95 17.94 17.92 17.90 17.87 17.84 17.77 17.71 17.66 17.57 17.49 17.43 17.37 17.32 17.25 17.19 17.13 17.07 17.04 16.99 16.89 16.85 16.73 16.63 16.50 16.45 16.58 16.18 15.71
17.66 17.67 17.66 17.68 17.70 17.68 17.69 17.69 17.72 17.74 17.76 17.78 17.76 17.76 17.76 17.75 17.73 17.70 17.69 17.65 17.61 17.61 17.58 17.55 17.51 17.43 17.46 17.41 17.44 17.42 17.41 17.43 17.44 17.44 17.43 17.43 17.45 17.47 17.48 17.46 17.56 17.59 17.68 17.74 17.75 17.68 17.75 17.77 17.79 17.79 17.78 17.75 17.71 17.69 17.64 17.58 17.51 17.43 17.36 17.30 17.23 17.17 17.12 17.05 16.98 16.96 16.93 16.89 16.83 16.79 16.74 16.73 16.50 16.16 16.33 16.10 16.24
17.61 17.61 17.61 17.64 17.63 17.63 17.65 17.64 17.68 17.70 17.72 17.71 17.68 17.68 17.68 17.68 17.65 17.61 17.59 17.56 17.52 17.52 17.48 17.46 17.42 17.36 17.33 17.32 17.33 17.30 17.30 17.32 17.30 17.31 17.32 17.31 17.33 17.30 17.35 17.33 17.40 17.45 17.54 17.58 17.54 17.55 17.59 17.62 17.63 17.64 17.63 17.61 17.57 17.54 17.50 17.43 17.38 17.32 17.25 17.18 17.12 17.05 16.98 16.95 16.91 16.89 16.84 16.79 16.75 16.68 16.63 16.59 16.47 16.21 16.01 16.14 16.37
17.59 17.60 17.58 17.61 17.59 17.61 17.61 17.63 17.63 17.64 17.61 17.61 17.61 17.59 17.58 17.58 17.55 17.54 17.51 17.46 17.46 17.43 17.38 17.33 17.25 17.26 17.26 17.24 17.23 17.21 17.19 17.20 17.19 17.19 17.21 17.19 17.20 17.21 17.19 17.17 17.24 17.33 17.38 17.37 17.39 17.41 17.44 17.46 17.48 17.49 17.48 17.46 17.44 17.40 17.34 17.30 17.24 17.19 17.12 17.06 17.01 16.93 16.86 16.83 16.81 16.79 16.76 16.68 16.61 16.60 16.55 16.53 16.36 16.00 15.95 15.78 15.91
17.57 17.57 17.59 17.57 17.55 17.56 17.56 17.56 17.56 17.53 17.53 17.53 17.50 17.50 17.46 17.48 17.46 17.44 17.41 17.39 17.38 17.34 17.32 17.19 17.19 17.13 17.10 17.13 17.13 17.10 17.09 17.07 17.08 17.07 17.07 17.07 17.07 17.07 16.99 16.90 17.03 17.18 17.22 17.23 17.24 17.27 17.29 17.31 17.34 17.35 17.34 17.32 17.30 17.26 17.23 17.18 17.11 17.04 16.99 16.93 16.87 16.82 16.77 16.73 16.69 16.68 16.64 16.63 16.59 16.52 16.47 16.35 16.21 16.01 15.72 15.65 15.47
17.53 17.54 17.51 17.50 17.50 17.48 17.47 17.47 17.46 17.45 17.44 17.41 17.41 17.40 17.41 17.38 17.34 17.32 17.32 17.29 17.28 17.24 17.17 17.20 17.18 16.96 17.07 17.00 17.04 17.02 16.97 16.97 16.96 16.95 16.94 16.96 16.96 16.89 16.83 16.82 16.95 17.04 17.09 17.09 17.10 17.12 17.14 17.16 17.16 17.20 17.19 17.15 17.14 17.11 17.08 17.02 16.96 16.91 16.87 16.82 16.76 16.71 16.67 16.63 16.60 16.60 16.57 16.57 16.55 16.38 16.35 16.30 16.24 15.61 15.87 15.68 15.99
17.45 17.44 17.44 17.42 17.40 17.39 17.39 17.36 17.36 17.34 17.35 17.34 17.32 17.34 17.29 17.25 17.27 17.22 17.22 17.19 17.15 17.14 17.11 17.07 17.07 17.04 16.85 16.91 16.96 16.92 16.89 16.87 16.85 16.84 16.83 16.85 16.84 16.72 16.74 16.73 16.87 16.92 16.90 16.92 16.93 16.96 16.99 17.02 17.04 17.03 17.04 17.02 17.01 16.98 16.96 16.91 16.85 16.80 16.77 16.72 16.65 16.61 16.58 16.58 16.56 16.56 16.59 16.52 16.55 16.51 16.37 16.42 16.02 16.21 16.09 16.00 16.01
17.36 17.35 17.32 17.31 17.30 17.31 17.30 17.28 17.28 17.27 17.27 17.25 17.26 17.22 17.21 17.18 17.16 17.12 17.14 17.13 17.11 17.01 16.95 16.95 16.93 16.90 16.88 16.86 16.85 16.84 16.78 16.77 16.75 16.74 16.74 16.72 16.72 16.61 16.65 16.67 16.77 16.79 16.78 16.79 16.80 16.82 16.84 16.86 16.86 16.89 16.90 16.90 16.89 16.86 16.82 16.77 16.74 16.71 16.68 16.63 16.57 16.54 16.49 16.49 16.41 16.43 16.43 16.51 16.49 16.51 16.51 16.49 16.38 16.26 16.29 16.26 15.50
17.29 17.26 17.23 17.24 17.23 17.22 17.21 17.19 17.21 17.19 17.18 17.15 17.12 17.13 17.12 17.10 17.07 17.06 17.04 17.03 17.03 16.90 16.95 16.84 16.86 16.83 16.80 16.79 16.77 16.74 16.71 16.69 16.66 16.65 16.64 16.62 16.61 16.58 16.61 16.63 16.66 16.64 16.65 16.66 16.68 16.68 16.70 16.70 16.71 16.74 16.75 16.74 16.75 16.74 16.71 16.68 16.64 16.61 16.59 16.55 16.52 16.48 16.40 16.36 16.33 16.34 16.31 16.39 16.42 16.34 16.40 16.35 16.39 16.28 16.41 16.35 15.52
17.19 17.18 17.15 17.14 17.15 17.14 17.11 17.11 17.11 17.09 17.09 17.06 17.05 17.04 17.04 16.99 16.96 16.91 16.96 16.95 16.93 16.83 16.84 16.78 16.76 16.72 16.70 16.70 16.66 16.66 16.62 16.60 16.58 16.57 16.57 16.51 16.48 16.54 16.52 16.53 16.53 16.51 16.52 16.54 16.53 16.55 16.57 16.57 16.58 16.60 16.62 16.62 16.61 16.61 16.59 16.57 16.54 16.53 16.50 16.48 16.44 16.34 16.31 16.26 16.24 16.20 16.16 16.18 16.24 16.26 16.17 16.04 15.28 16.15 16.16 16.41 16.27
17.13 17.08 17.07 17.07 17.03 17.02 17.03 17.03 16.99 17.00 16.98 16.95 16.94 16.93 16.90 16.90 16.83 16.76 16.79 16.80 16.71 16.71 16.71 16.59 16.65 16.64 16.63 16.60 16.57 16.54 16.53 16.51 16.49 16.48 16.40 16.36 16.45 16.48 16.43 16.43 16.42 16.40 16.41 16.42 16.41 16.41 16.43 16.43 16.45 16.48 16.49 16.49 16.50 16.50 16.49 16.47 16.46 16.44 16.42 16.40 16.34 16.28 16.22 16.19 16.17 16.15 16.15 16.12 16.07 16.04 15.89 15.64 15.49 15.16 15.30 16.45 16.07
17.02 17.00 17.00 16.95 16.93 16.93 16.97 16.92 16.90 16.89 16.87 16.84 16.82 16.81 16.82 16.76 16.79 16.65 16.67 16.56 16.61 16.63 16.50 16.37 16.58 16.55 16.52 16.52 16.49 16.45 16.44 16.40 16.38 16.38 16.36 16.38 16.39 16.36 16.32 16.30 16.29 16.28 16.29 16.29 16.31 16.32 16.32 16.33 16.33 16.35 16.38 16.38 16.39 16.40 16.40 16.38 16.38 16.36 16.32 16.30 16.29 16.20 16.17 16.11 16.10 16.04 15.99 15.94 15.93 15.92 15.82 15.42 14.91 14.92 15.03 16.06 16.22
16.90 16.89 16.87 16.85 16.85 16.86 16.83 16.82 16.80 16.78 16.74 16.74 16.71 16.72 16.71 16.73 16.72 16.65 16.60 16.56 16.46 16.35 16.48 16.38 16.48 16.45 16.42 16.39 16.38 16.36 16.35 16.34 16.30 16.31 16.31 16.31 16.31 16.22 16.20 16.19 16.18 16.16 16.18 16.19 16.18 16.21 16.23 16.23 16.25 16.26 16.27 16.28 16.30 16.30 16.31 16.30 16.29 16.29 16.24 16.22 16.20 16.15 16.09 16.05 15.98 15.96 15.90 15.85 15.41 15.74 15.83 15.24 14.70 13.83 15.70 16.23 16.22
16.79 16.79 16.76 16.75 16.76 16.77 16.75 16.72 16.70 16.67 16.66 16.64 16.66 16.65 16.64 16.64 16.56 16.49 16.43 16.53 16.52 16.48 16.47 16.43 16.41 16.36 16.35 16.31 16.30 16.29 16.27 16.29 16.27 16.27 16.28 16.21 16.17 16.14 16.11 16.08 16.08 16.07 16.08 16.09 16.10 16.12 16.11 16.13 16.15 16.17 16.20 16.23 16.22 16.21 16.22 16.22 16.22 16.20 16.18 16.15 16.11 16.04 15.99 15.94 15.86 15.79 15.74 15.30 15.49 14.99 15.73 15.45 14.62 13.21 15.63 15.81 15.88
16.69 16.67 16.68 16.68 16.68 16.66 16.64 16.63 16.60 16.55 16.55 16.56 16.56 16.58 16.57 16.53 16.46 16.34 16.40 16.41 16.42 16.41 16.38 16.34 16.31 16.30 16.25 16.23 16.23 16.18 16.22 16.17 16.15 16.21 16.17 16.11 16.11 16.05 16.02 16.02 16.00 16.00 15.98 16.00 16.01 16.01 16.01 16.03 16.04 16.05 16.07 16.08 16.11 16.11 16.12 16.13 16.13 16.11 16.09 16.08 16.04 16.01 15.91 15.88 15.70 15.63 15.65 15.58 15.14 15.09 15.58 15.40 13.73 13.67 15.85 15.75 14.25
16.59 16.60 16.61 16.60 16.57 16.56 16.52 16.50 16.47 16.47 16.46 16.45 16.47 16.46 16.46 16.45 16.37 16.24 16.39 16.37 16.33 16.30 16.28 16.25 16.22 16.20 16.16 16.15 16.11 16.10 16.13 16.14 16.12 16.06 16.03 16.05 16.03 16.00 15.99 15.96 15.95 15.94 15.91 15.93 15.94 15.92 15.93 15.94 15.94 15.95 15.97 15.97 15.99 16.00 16.02 16.02 16.05 16.03 16.02 16.00 15.96 15.92 15.78 15.72 15.46 15.39 15.32 15.11 15.32 14.87 14.93 14.99 14.90 14.48 15.58 15.16 14.97
16.54 16.51 16.52 16.51 16.51 16.45 16.48 16.41 16.38 16.37 16.37 16.36 16.36 16.37 16.36 16.29 16.20 16.17 16.22 16.26 16.21 16.21 16.18 16.14 16.13 16.07 16.05 16.05 16.08 16.06 16.04 16.03 16.00 15.97 15.96 15.95 15.94 15.92 15.93 15.90 15.87 15.87 15.86 15.85 15.85 15.87 15.87 15.86 15.87 15.88 15.89 15.90 15.91 15.92 15.94 15.94 15.96 15.96 15.96 15.92 15.89 15.83 15.75 15.66 15.41 14.98 15.13 15.11 14.53 14.77 14.46 14.65 14.06 13.54 15.05 15.39 15.23
16.39 16.38 16.37 16.29 16.32 16.36 16.39 16.33 16.31 16.31 16.28 16.29 16.27 16.27 16.25 16.21 16.13 16.07 16.11 16.16 16.12 16.11 16.10 16.05 16.03 16.02 15.97 15.99 15.96 16.00 15.94 15.91 15.94 15.89 15.85 15.85 15.84 15.83 15.87 15.83 15.81 15.80 15.83 15.82 15.81 15.78 15.81 15.79 15.82 15.81 15.81 15.82 15.84 15.84 15.85 15.86 15.87 15.87 15.88 15.85 15.81 15.72 15.66 15.54 15.44 15.31 15.11 14.81 14.38 14.47 14.67 14.01 13.83 13.87 15.26 15.12 14.96
16.29 16.28 16.26 16.27 16.22 16.23 16.23 16.26 16.25 16.26 16.23 16.20 16.19 16.18 16.15 16.14 15.99 16.09 16.08 16.07 16.04 16.05 16.04 16.02 16.00 15.98 15.96 15.93 15.88 15.83 15.83 15.85 15.85 15.84 15.83 15.83 15.82 15.79 15.79 15.74 15.74 15.73 15.80 15.72 15.77 15.79 15.71 15.73 15.70 15.71 15.73 15.74 15.74 15.75 15.77 15.76 15.79 15.79 15.79 15.78 15.70 15.64 15.56 15.51 15.40 15.25 14.92 14.53 12.87 13.48 12.56 13.24 14.55 14.72 14.85 15.21 14.72
16.18 16.17 16.17 16.15 16.13 16.12 16.11 16.10 16.13 16.14 16.13 16.14 16.13 16.06 16.05 16.03 16.02 16.04 16.02 15.99 15.96 15.92 15.92 15.88 15.89 15.89 15.83 15.82 15.80 15.78 15.75 15.75 15.78 15.75 15.75 15.76 15.75 15.75 15.76 15.72 15.67 15.65 15.70 15.65 15.71 15.65 15.61 15.61 15.63 15.64 15.64 15.66 15.66 15.67 15.68 15.70 15.70 15.70 15.71 15.71 15.64 15.60 15.55 15.42 15.20 15.03 14.67 12.67 13.16 13.04 13.76 14.40 13.28 12.71 14.09 14.93 14.09
16.06 16.06 16.04 16.04 16.01 16.01 16.00 16.00 16.01 16.02 16.01 16.02 16.01 16.00 16.01 15.99 15.97 15.90 15.89 15.89 15.89 15.87 15.85 15.80 15.83 15.75 15.76 15.75 15.71 15.68 15.67 15.68 15.68 15.67 15.66 15.70 15.66 15.65 15.64 15.65 15.70 15.69 15.68 15.63 15.62 15.56 15.57 15.56 15.57 15.58 15.59 15.58 15.58 15.63 15.64 15.64 15.64 15.63 15.65 15.65 15.63 15.55 15.50 15.41 15.23 15.03 14.81 14.52 13.91 13.07 13.89 13.57 13.07 12.84 13.78 14.78 14.53
15.98 15.97 15.97 15.95 15.94 15.92 15.90 15.90 15.88 15.91 15.91 15.90 15.92 15.88 15.87 15.86 15.84 15.85 15.81 15.78 15.76 15.79 15.75 15.71 15.71 15.70 15.68 15.65 15.64 15.61 15.60 15.60 15.60 15.59 15.57 15.59 15.61 15.58 15.56 15.55 15.54 15.53 15.51 15.50 15.48 15.47 15.47 15.48 15.49 15.49 15.51 15.52 15.53 15.54 15.57 15.59 15.62 15.62 15.62 15.60 15.58 15.56 15.47 15.38 15.23 14.90 14.88 14.11 13.86 12.40 9.25 12.43 13.40 13.72 14.27 14.46 14.13
15.84 15.86 15.87 15.86 15.84 15.81 15.80 15.78 15.79 15.80 15.79 15.79 15.78 15.77 15.77 15.75 15.71 15.69 15.74 15.69 15.66 15.69 15.63 15.66 15.61 15.62 15.61 15.58 15.56 15.53 15.53 15.51 15.51 15.52 15.51 15.47 15.51 15.53 15.51 15.49 15.47 15.46 15.43 15.41 15.40 15.40 15.40 15.41 15.40 15.41 15.43 15.44 15.47 15.48 15.52 15.53 15.54 15.49 15.51 15.52 15.54 15.56 15.48 15.31 15.19 15.12 14.78 14.11 14.24 12.88 11.52 11.21 11.24 12.67 13.43 14.21 12.60
15.62 15.69 15.74 15.76 15.76 15.73 15.71 15.71 15.70 15.68 15.69 15.71 15.68 15.66 15.66 15.64 15.64 15.62 15.61 15.59 15.57 15.55 15.53 15.51 15.49 15.49 15.48 15.49 15.48 15.44 15.44 15.42 15.43 15.43 15.41 15.40 15.39 15.39 15.36 15.44 15.38 15.38 15.35 15.32 15.34 15.33 15.33 15.32 15.33 15.34 15.36 15.39 15.42 15.44 15.42 15.41 15.42 15.42 15.42 15.45 15.46 15.49 15.51 15.43 15.33 15.12 14.70 14.11 12.68 11.90 10.27 9.42 10.16 11.19 13.01 12.66 12.42
15.49 15.55 15.61 15.65 15.59 15.62 15.61 15.59 15.59 15.59 15.58 15.61 15.58 15.55 15.54 15.51 15.50 15.48 15.48 15.47 15.47 15.44 15.42 15.40 15.39 15.38 15.36 15.36 15.38 15.37 15.35 15.34 15.34 15.33 15.31 15.30 15.30 15.32 15.30 15.31 15.30 15.26 15.24 15.24 15.22 15.22 15.22 15.22 15.21 15.21 15.21 15.25 15.29 15.31 15.27 15.27 15.26 15.29 15.31 15.35 15.34 15.41 15.44 15.46 15.28 15.29 14.87 13.73 13.37 12.08 12.60 10.79 10.33 10.81 12.42 11.84 13.04
