examples/latest.grid
ncols 886
nrows 691
xllcenter 112.0000
yllcenter -44.5000
cellsize 0.0500
nodata_value 99999.90
[rows 34 to 67 of 691, columns 693 to 769 of 886]
28.93 28.94 28.95 28.95 28.96 28.97 28.98 28.98 28.99 29.00 29.01 29.01 29.02 29.03 29.04 29.04 29.05 29.07 29.08 29.08 29.09 29.08 29.05 29.02 28.99 28.96 28.93 28.91 28.88 28.86 28.83 28.82 28.80 28.78 28.76 28.75 28.73 28.71 28.70 28.68 28.66 28.65 28.63 28.62 28.61 28.58 28.57 28.55 28.54 28.52 28.51 28.49 28.47 28.45 28.43 28.42 28.40 28.37 28.36 28.33 28.30 28.29 28.26 28.24 28.20 28.18 28.15 28.13 28.09 28.07 28.03 28.01 27.97 27.95 27.92 27.89 27.87
28.89 28.89 28.90 28.90 28.91 28.92 28.92 28.93 28.94 28.96 28.96 28.97 28.98 28.98 28.99 29.00 29.02 29.02 29.03 29.04 29.05 29.05 29.04 29.02 28.98 28.96 28.92 28.90 28.88 28.85 28.83 28.81 28.79 28.77 28.75 28.73 28.71 28.69 28.67 28.67 28.65 28.63 28.62 28.59 28.58 28.57 28.55 28.53 28.52 28.50 28.48 28.47 28.45 28.43 28.42 28.40 28.37 28.35 28.33 28.31 28.28 28.27 28.24 28.22 28.19 28.17 28.13 28.11 28.08 28.06 28.02 28.00 27.96 27.94 27.91 27.89 27.85
28.84 28.84 28.86 28.86 28.87 28.88 28.88 28.89 28.90 28.90 28.91 28.93 28.94 28.94 28.95 28.96 28.97 28.98 28.99 28.99 29.01 29.02 29.02 29.01 28.99 28.95 28.93 28.90 28.87 28.84 28.83 28.80 28.78 28.76 28.74 28.72 28.70 28.68 28.66 28.64 28.64 28.61 28.60 28.58 28.57 28.55 28.53 28.52 28.50 28.49 28.47 28.45 28.44 28.42 28.40 28.38 28.35 28.34 28.32 28.29 28.27 28.25 28.22 28.20 28.17 28.15 28.12 28.10 28.07 28.05 28.01 27.99 27.96 27.93 27.90 27.88 27.85
28.80 28.80 28.81 28.82 28.82 28.83 28.83 28.85 28.86 28.86 28.87 28.88 28.89 28.90 28.91 28.91 28.93 28.94 28.94 28.96 28.96 28.97 28.98 28.98 28.98 28.95 28.92 28.90 28.87 28.84 28.82 28.79 28.78 28.75 28.74 28.71 28.69 28.67 28.65 28.63 28.62 28.60 28.58 28.57 28.55 28.54 28.52 28.50 28.48 28.47 28.45 28.43 28.41 28.40 28.38 28.36 28.34 28.32 28.30 28.28 28.25 28.23 28.21 28.18 28.15 28.14 28.11 28.09 28.05 28.03 28.00 27.98 27.95 27.93 27.90 27.88 27.84
28.75 28.75 28.76 28.77 28.78 28.79 28.79 28.80 28.80 28.82 28.83 28.83 28.84 28.86 28.86 28.87 28.89 28.89 28.90 28.91 28.92 28.92 28.94 28.95 28.95 28.95 28.92 28.90 28.86 28.84 28.81 28.80 28.77 28.74 28.73 28.71 28.68 28.66 28.64 28.62 28.61 28.59 28.57 28.56 28.54 28.53 28.51 28.49 28.47 28.46 28.44 28.42 28.41 28.39 28.37 28.34 28.32 28.30 28.29 28.26 28.24 28.22 28.20 28.17 28.15 28.12 28.09 28.07 28.04 28.02 27.99 27.97 27.94 27.92 27.89 27.87 27.84
28.70 28.71 28.71 28.73 28.73 28.74 28.74 28.76 28.76 28.77 28.79 28.79 28.80 28.81 28.82 28.83 28.84 28.85 28.85 28.87 28.87 28.89 28.90 28.91 28.92 28.92 28.92 28.89 28.87 28.84 28.82 28.79 28.76 28.75 28.72 28.70 28.68 28.66 28.64 28.62 28.61 28.58 28.56 28.55 28.53 28.52 28.49 28.48 28.46 28.45 28.43 28.41 28.39 28.38 28.36 28.34 28.32 28.29 28.27 28.26 28.23 28.21 28.18 28.16 28.14 28.11 28.09 28.06 28.04 28.01 27.99 27.96 27.93 27.92 27.89 27.87 27.84
28.65 28.66 28.67 28.68 28.68 28.69 28.70 28.71 28.72 28.73 28.73 28.75 28.75 28.76 28.77 28.78 28.80 28.80 28.82 28.82 28.84 28.85 28.86 28.87 28.88 28.88 28.89 28.89 28.87 28.84 28.82 28.79 28.76 28.75 28.72 28.70 28.67 28.66 28.64 28.62 28.60 28.58 28.56 28.54 28.52 28.51 28.49 28.47 28.45 28.44 28.42 28.40 28.38 28.36 28.35 28.33 28.31 28.29 28.26 28.24 28.21 28.20 28.18 28.15 28.13 28.11 28.08 28.06 28.03 28.01 27.99 27.96 27.94 27.91 27.89 27.86 27.83
28.60 28.61 28.62 28.63 28.63 28.65 28.65 28.66 28.67 28.67 28.69 28.70 28.71 28.72 28.73 28.74 28.75 28.76 28.77 28.78 28.79 28.80 28.82 28.82 28.83 28.85 28.85 28.87 28.86 28.85 28.82 28.79 28.77 28.74 28.72 28.69 28.67 28.66 28.64 28.62 28.60 28.58 28.55 28.53 28.52 28.50 28.48 28.47 28.45 28.43 28.41 28.40 28.38 28.36 28.34 28.32 28.30 28.28 28.26 28.23 28.21 28.20 28.17 28.15 28.12 28.11 28.08 28.05 28.03 28.01 27.98 27.96 27.93 27.92 27.89 27.86 27.84
28.55 28.56 28.57 28.58 28.59 28.60 28.61 28.61 28.63 28.63 28.65 28.65 28.67 28.67 28.69 28.69 28.71 28.71 28.73 28.74 28.75 28.77 28.77 28.78 28.79 28.80 28.82 28.83 28.84 28.84 28.82 28.80 28.77 28.74 28.72 28.70 28.68 28.66 28.63 28.61 28.59 28.57 28.56 28.54 28.51 28.50 28.48 28.46 28.45 28.42 28.40 28.39 28.37 28.35 28.33 28.31 28.29 28.27 28.25 28.23 28.21 28.18 28.17 28.14 28.12 28.10 28.08 28.05 28.02 28.01 27.98 27.95 27.94 27.91 27.89 27.87 27.84
28.51 28.51 28.52 28.53 28.54 28.55 28.56 28.56 28.58 28.58 28.60 28.61 28.62 28.63 28.64 28.65 28.67 28.67 28.68 28.70 28.70 28.72 28.74 28.74 28.75 28.77 28.77 28.79 28.80 28.81 28.82 28.80 28.77 28.75 28.73 28.70 28.68 28.66 28.63 28.61 28.59 28.57 28.55 28.54 28.51 28.49 28.48 28.45 28.44 28.42 28.41 28.38 28.36 28.35 28.33 28.31 28.29 28.27 28.25 28.23 28.20 28.19 28.17 28.14 28.12 28.09 28.08 28.05 28.03 28.01 27.98 27.96 27.94 27.91 27.89 27.87 27.85
28.46 28.46 28.47 28.48 28.49 28.49 28.51 28.52 28.53 28.54 28.55 28.56 28.57 28.59 28.59 28.61 28.62 28.63 28.64 28.66 28.66 28.67 28.69 28.70 28.71 28.72 28.74 28.75 28.75 28.77 28.78 28.78 28.78 28.76 28.73 28.71 28.68 28.66 28.64 28.61 28.59 28.57 28.55 28.54 28.52 28.50 28.48 28.46 28.44 28.42 28.40 28.39 28.37 28.35 28.32 28.30 28.28 28.26 28.24 28.23 28.21 28.19 28.16 28.14 28.12 28.10 28.08 28.05 28.03 28.01 27.99 27.96 27.94 27.92 27.89 27.87 27.85
28.40 28.41 28.42 28.43 28.44 28.44 28.46 28.47 28.48 28.49 28.50 28.52 28.52 28.54 28.55 28.56 28.57 28.58 28.60 28.61 28.63 28.63 28.64 28.66 28.67 28.69 28.69 28.70 28.72 28.73 28.74 28.76 28.76 28.76 28.74 28.71 28.70 28.67 28.65 28.63 28.60 28.58 28.56 28.54 28.52 28.50 28.48 28.46 28.45 28.42 28.41 28.39 28.36 28.34 28.33 28.31 28.29 28.27 28.25 28.23 28.21 28.18 28.16 28.14 28.13 28.10 28.08 28.05 28.03 28.02 27.99 27.97 27.94 27.93 27.90 27.88 27.85
28.35 28.36 28.37 28.38 28.39 28.39 28.41 28.42 28.43 28.45 28.45 28.46 28.48 28.49 28.51 28.51 28.52 28.54 28.55 28.57 28.58 28.59 28.60 28.61 28.63 28.64 28.66 28.67 28.68 28.70 28.71 28.72 28.73 28.74 28.74 28.73 28.70 28.68 28.65 28.63 28.61 28.59 28.57 28.55 28.52 28.50 28.49 28.46 28.45 28.43 28.41 28.39 28.37 28.35 28.33 28.31 28.30 28.28 28.26 28.24 28.21 28.19 28.17 28.15 28.13 28.10 28.08 28.07 28.04 28.02 28.00 27.97 27.96 27.93 27.91 27.88 27.86
28.29 28.30 28.32 28.33 28.34 28.34 28.36 28.37 28.38 28.40 28.41 28.42 28.44 28.44 28.45 28.47 28.48 28.50 28.51 28.52 28.54 28.55 28.57 28.58 28.58 28.60 28.61 28.62 28.64 28.65 28.66 28.67 28.69 28.71 28.72 28.72 28.71 28.68 28.66 28.64 28.62 28.59 28.57 28.55 28.54 28.52 28.49 28.47 28.45 28.43 28.42 28.40 28.37 28.36 28.34 28.32 28.30 28.27 28.25 28.23 28.21 28.19 28.17 28.16 28.14 28.12 28.09 28.07 28.05 28.02 28.00 27.99 27.96 27.94 27.91 27.89 27.87
28.24 28.26 28.26 28.27 28.28 28.29 28.31 28.32 28.33 28.34 28.36 28.37 28.38 28.40 28.41 28.42 28.44 28.45 28.47 28.48 28.49 28.51 28.52 28.54 28.55 28.56 28.58 28.59 28.60 28.61 28.63 28.64 28.65 28.66 28.69 28.70 28.70 28.70 28.68 28.66 28.63 28.61 28.59 28.57 28.54 28.52 28.51 28.49 28.46 28.45 28.42 28.41 28.39 28.36 28.35 28.33 28.31 28.29 28.26 28.24 28.22 28.20 28.18 28.16 28.14 28.12 28.11 28.08 28.06 28.04 28.01 27.99 27.97 27.95 27.92 27.91 27.89
28.19 28.20 28.21 28.22 28.23 28.24 28.25 28.27 28.28 28.29 28.31 28.32 28.33 28.35 28.36 28.38 28.39 28.41 28.42 28.44 28.45 28.46 28.48 28.49 28.50 28.52 28.53 28.54 28.56 28.58 28.59 28.61 28.62 28.63 28.64 28.66 28.67 28.68 28.68 28.67 28.64 28.62 28.60 28.58 28.56 28.54 28.51 28.50 28.48 28.45 28.44 28.41 28.40 28.38 28.35 28.34 28.32 28.30 28.28 28.25 28.23 28.21 28.19 28.17 28.15 28.13 28.11 28.09 28.06 28.05 28.03 28.01 27.98 27.96 27.94 27.92 27.89
28.13 28.14 28.15 28.16 28.17 28.19 28.20 28.22 28.23 28.24 28.25 28.27 28.29 28.30 28.32 28.33 28.34 28.36 28.38 28.39 28.41 28.42 28.43 28.45 28.46 28.48 28.50 28.51 28.52 28.54 28.55 28.57 28.58 28.59 28.61 28.63 28.64 28.65 28.66 28.67 28.66 28.64 28.62 28.60 28.57 28.55 28.53 28.52 28.49 28.47 28.45 28.43 28.41 28.39 28.37 28.36 28.33 28.31 28.29 28.27 28.25 28.23 28.21 28.18 28.16 28.14 28.12 28.10 28.08 28.06 28.04 28.02 28.00 27.98 27.96 27.93 27.91
28.07 28.08 28.09 28.11 28.12 28.13 28.14 28.17 28.18 28.19 28.20 28.23 28.24 28.25 28.26 28.29 28.30 28.31 28.33 28.35 28.36 28.38 28.39 28.40 28.43 28.44 28.45 28.46 28.49 28.50 28.51 28.52 28.55 28.56 28.57 28.59 28.60 28.61 28.64 28.64 28.66 28.65 28.63 28.61 28.59 28.57 28.55 28.53 28.51 28.49 28.47 28.45 28.43 28.41 28.39 28.36 28.35 28.33 28.31 28.28 28.26 28.25 28.23 28.21 28.19 28.17 28.14 28.12 28.10 28.08 28.05 28.03 28.01 27.99 27.96 27.94 27.92
28.01 28.02 28.04 28.05 28.06 28.07 28.09 28.11 28.12 28.14 28.15 28.17 28.18 28.20 28.22 28.23 28.25 28.27 28.28 28.30 28.32 28.33 28.35 28.37 28.38 28.39 28.42 28.43 28.44 28.46 28.48 28.49 28.50 28.52 28.54 28.55 28.57 28.58 28.60 28.61 28.63 28.64 28.65 28.64 28.62 28.59 28.57 28.55 28.53 28.50 28.49 28.46 28.45 28.43 28.41 28.38 28.37 28.35 28.32 28.30 28.29 28.27 28.24 28.22 28.20 28.18 28.16 28.14 28.12 28.10 28.08 28.05 28.03 28.00 27.98 27.96 27.94
27.95 27.96 27.98 27.99 28.00 28.02 28.03 28.05 28.06 28.09 28.10 28.12 28.13 28.15 28.17 28.18 28.20 28.22 28.24 28.25 28.27 28.29 28.30 28.33 28.34 28.36 28.37 28.39 28.41 28.42 28.43 28.46 28.47 28.49 28.50 28.51 28.54 28.55 28.57 28.58 28.60 28.61 28.63 28.64 28.63 28.61 28.59 28.58 28.55 28.53 28.51 28.49 28.47 28.44 28.43 28.40 28.39 28.37 28.34 28.32 28.31 28.28 28.26 28.24 28.22 28.20 28.18 28.15 28.13 28.11 28.09 28.07 28.05 28.03 28.01 27.98 27.96
27.89 27.90 27.91 27.93 27.94 27.96 27.97 27.99 28.01 28.03 28.05 28.06 28.08 28.10 28.12 28.14 28.15 28.17 28.19 28.21 28.22 28.24 28.26 28.28 28.29 28.32 28.33 28.35 28.36 28.39 28.40 28.41 28.43 28.45 28.47 28.48 28.50 28.51 28.53 28.54 28.56 28.58 28.59 28.61 28.62 28.63 28.62 28.60 28.57 28.56 28.54 28.51 28.49 28.47 28.45 28.43 28.41 28.39 28.36 28.35 28.33 28.31 28.28 28.26 28.25 28.23 28.20 28.18 28.16 28.14 28.12 28.09 28.07 28.05 28.03 28.01 27.99
27.82 27.84 27.85 27.87 27.88 27.90 27.92 27.93 27.95 27.97 27.99 28.01 28.03 28.05 28.06 28.08 28.11 28.12 28.14 28.17 28.18 28.20 28.21 28.24 28.25 28.27 28.30 28.31 28.33 28.34 28.37 28.38 28.40 28.41 28.43 28.45 28.47 28.48 28.50 28.51 28.53 28.55 28.56 28.58 28.60 28.61 28.62 28.61 28.60 28.58 28.57 28.54 28.52 28.50 28.48 28.45 28.44 28.41 28.39 28.38 28.35 28.33 28.31 28.29 28.27 28.25 28.22 28.20 28.18 28.16 28.14 28.12 28.10 28.08 28.05 28.03 28.00
27.76 27.77 27.79 27.80 27.82 27.84 27.86 27.88 27.89 27.91 27.93 27.95 27.98 28.00 28.01 28.03 28.05 28.08 28.09 28.11 28.14 28.16 28.17 28.19 28.22 28.23 28.25 28.26 28.29 28.31 28.32 28.35 28.36 28.38 28.40 28.41 28.43 28.45 28.47 28.49 28.50 28.52 28.54 28.55 28.57 28.59 28.59 28.61 28.62 28.61 28.59 28.57 28.55 28.52 28.51 28.48 28.47 28.44 28.43 28.40 28.39 28.36 28.34 28.31 28.30 28.28 28.25 28.23 28.21 28.19 28.16 28.14 28.12 28.09 28.07 28.05 28.04
27.70 27.70 27.72 27.74 27.76 27.78 27.80 27.82 27.84 27.86 27.87 27.89 27.92 27.94 27.96 27.98 28.00 28.02 28.05 28.07 28.09 28.11 28.13 28.15 28.17 28.19 28.21 28.23 28.24 28.27 28.29 28.30 28.32 28.35 28.36 28.38 28.40 28.41 28.43 28.45 28.47 28.49 28.51 28.52 28.54 28.55 28.57 28.58 28.60 28.61 28.61 28.60 28.58 28.56 28.54 28.52 28.50 28.48 28.45 28.43 28.41 28.39 28.36 28.35 28.33 28.30 28.28 28.27 28.24 28.22 28.19 28.17 28.15 28.12 28.10 28.08 28.05
27.63 27.64 27.65 27.67 27.69 27.71 27.73 27.76 27.78 27.80 27.82 27.84 27.86 27.88 27.91 27.93 27.95 27.97 27.99 28.02 28.04 28.06 28.08 28.11 28.13 28.14 28.17 28.19 28.21 28.23 28.25 28.27 28.29 28.30 28.33 28.35 28.37 28.38 28.40 28.42 28.43 28.46 28.48 28.50 28.50 28.52 28.54 28.56 28.58 28.59 28.61 28.61 28.61 28.60 28.57 28.55 28.53 28.51 28.49 28.47 28.44 28.42 28.40 28.38 28.36 28.34 28.31 28.29 28.27 28.25 28.23 28.20 28.18 28.16 28.13 28.11 28.08
27.56 27.57 27.58 27.61 27.63 27.65 27.67 27.69 27.72 27.74 27.76 27.78 27.81 27.83 27.85 27.88 27.90 27.92 27.95 27.97 28.00 28.02 28.04 28.06 28.09 28.11 28.12 28.15 28.17 28.19 28.21 28.24 28.25 28.27 28.29 28.32 28.34 28.35 28.37 28.39 28.41 28.42 28.44 28.46 28.48 28.50 28.51 28.53 28.55 28.57 28.59 28.59 28.61 28.62 28.60 28.59 28.57 28.55 28.53 28.50 28.49 28.46 28.43 28.42 28.39 28.37 28.35 28.33 28.30 28.28 28.25 28.24 28.21 28.19 28.16 28.14 28.11
27.50 27.51 27.52 27.54 27.56 27.58 27.61 27.63 27.65 27.68 27.70 27.73 27.75 27.77 27.80 27.82 27.84 27.88 27.90 27.92 27.94 27.97 27.99 28.02 28.05 28.07 28.09 28.11 28.13 28.15 28.17 28.19 28.22 28.24 28.26 28.28 28.30 28.32 28.34 28.36 28.38 28.40 28.41 28.43 28.45 28.47 28.49 28.51 28.52 28.54 28.56 28.57 28.59 28.61 28.62 28.62 28.61 28.59 28.56 28.55 28.52 28.50 28.48 28.45 28.44 28.41 28.38 28.37 28.34 28.32 28.29 28.28 28.25 28.22 28.20 28.17 28.15
27.45 27.45 27.45 27.47 27.49 27.52 27.54 27.56 27.58 27.61 27.63 27.66 27.69 27.72 27.74 27.77 27.79 27.82 27.85 27.87 27.90 27.92 27.95 27.97 27.99 28.02 28.05 28.07 28.09 28.12 28.14 28.16 28.18 28.21 28.23 28.24 28.26 28.29 28.31 28.33 28.35 28.37 28.39 28.40 28.42 28.44 28.46 28.48 28.50 28.52 28.54 28.55 28.56 28.58 28.60 28.62 28.62 28.62 28.60 28.58 28.57 28.54 28.51 28.50 28.47 28.45 28.43 28.40 28.38 28.36 28.33 28.30 28.29 28.26 28.24 28.21 28.18
27.41 27.41 27.40 27.40 27.42 27.45 27.46 27.49 27.52 27.54 27.57 27.60 27.63 27.66 27.69 27.71 27.74 27.77 27.79 27.83 27.85 27.87 27.90 27.93 27.95 27.98 28.00 28.03 28.05 28.07 28.10 28.12 28.14 28.16 28.19 28.21 28.23 28.25 28.28 28.30 28.32 28.34 28.36 28.38 28.40 28.42 28.43 28.45 28.47 28.49 28.51 28.53 28.55 28.57 28.58 28.59 28.61 28.62 28.63 28.62 28.61 28.58 28.56 28.54 28.52 28.49 28.47 28.44 28.42 28.40 28.37 28.35 28.32 28.30 28.27 28.25 28.22
27.37 27.37 27.36 27.36 27.36 27.38 27.40 27.42 27.45 27.48 27.51 27.54 27.57 27.60 27.62 27.65 27.69 27.71 27.74 27.77 27.80 27.83 27.85 27.88 27.91 27.93 27.96 27.99 28.01 28.04 28.07 28.09 28.11 28.13 28.16 28.18 28.20 28.22 28.25 28.27 28.29 28.31 28.33 28.35 28.37 28.39 28.41 28.43 28.45 28.47 28.49 28.50 28.52 28.54 28.56 28.57 28.59 28.61 28.62 28.63 28.64 28.62 28.61 28.58 28.57 28.54 28.51 28.49 28.46 28.45 28.42 28.39 28.37 28.34 28.32 28.29 28.26
27.32 27.32 27.31 27.31 27.32 27.31 27.33 27.36 27.39 27.42 27.45 27.48 27.51 27.54 27.57 27.60 27.62 27.66 27.69 27.72 27.75 27.78 27.81 27.83 27.86 27.89 27.92 27.94 27.98 28.00 28.02 28.05 28.08 28.10 28.12 28.15 28.17 28.19 28.21 28.24 28.26 28.28 28.30 28.32 28.35 28.36 28.39 28.41 28.43 28.45 28.46 28.48 28.50 28.52 28.54 28.56 28.58 28.58 28.60 28.61 28.63 28.64 28.64 28.63 28.61 28.59 28.56 28.54 28.51 28.48 28.46 28.44 28.41 28.39 28.36 28.33 28.30
27.28 27.28 27.27 27.27 27.27 27.27 27.28 27.29 27.32 27.35 27.38 27.41 27.45 27.48 27.51 27.54 27.57 27.60 27.64 27.67 27.70 27.73 27.76 27.79 27.82 27.85 27.88 27.90 27.94 27.96 27.98 28.01 28.04 28.06 28.09 28.12 28.14 28.16 28.18 28.21 28.23 28.26 28.28 28.30 28.33 28.35 28.37 28.39 28.41 28.43 28.45 28.47 28.49 28.50 28.51 28.53 28.55 28.57 28.58 28.60 28.62 28.62 28.64 28.64 28.65 28.64 28.61 28.59 28.56 28.53 28.51 28.48 28.45 28.43 28.40 28.37 28.35
27.23 27.24 27.23 27.23 27.23 27.23 27.24 27.24 27.26 27.29 27.31 27.34 27.38 27.41 27.45 27.48 27.52 27.55 27.58 27.61 27.65 27.68 27.71 27.75 27.77 27.80 27.84 27.86 27.89 27.92 27.95 27.97 28.01 28.03 28.05 28.09 28.11 28.13 28.16 28.18 28.21 28.23 28.25 28.28 28.30 28.32 28.34 28.36 28.38 28.40 28.42 28.44 28.46 28.48 28.50 28.52 28.54 28.55 28.57 28.59 28.59 28.61 28.63 28.64 28.65 28.65 28.66 28.63 28.62 28.59 28.56 28.53 28.50 28.48 28.45 28.42 28.40
27.19 27.19 27.18 27.19 27.18 27.19 27.20 27.20 27.20 27.22 27.24 27.28 27.31 27.35 27.38 27.43 27.46 27.49 27.53 27.56 27.60 27.63 27.66 27.69 27.73 27.76 27.79 27.82 27.85 27.89 27.91 27.94 27.96 28.00 28.02 28.05 28.08 28.10 28.12 28.16 28.18 28.20 28.23 28.25 28.27 28.29 28.32 28.34 28.36 28.38 28.41 28.43 28.44 28.46 28.48 28.50 28.52 28.54 28.55 28.56 28.58 28.60 28.61 28.62 28.64 28.65 28.66 28.66 28.66 28.64 28.62 28.59 28.56 28.53 28.50 28.48 28.45
