examples/latest.grid
ncols 886
nrows 691
xllcenter 112.0000
yllcenter -44.5000
cellsize 0.0500
nodata_value 99999.90
[rows 442 to 475 of 691, columns 308 to 384 of 886]
20.08 20.05 20.01 19.97 19.95 19.89 19.85 19.80 19.76 19.73 19.72 19.66 19.60 19.52 19.44 19.34 19.25 19.14 19.04 18.93 18.83 18.73 18.64 18.55 18.48 18.40 18.33 18.28 18.21 18.17 18.12 18.07 18.03 17.99 17.94 17.91 17.88 17.87 17.88 17.92 17.95 17.98 18.01 18.05 18.08 18.11 18.13 18.15 18.17 18.18 18.18 18.18 18.19 18.19 18.18 18.17 18.16 18.15 18.15 18.13 18.12 18.11 18.10 18.09 18.08 18.07 18.07 18.06 18.06 18.05 18.05 18.05 18.04 18.05 18.04 18.04 18.05
20.04 20.02 19.97 19.94 19.84 19.81 19.90 19.86 19.81 19.76 19.70 19.64 19.57 19.50 19.42 19.33 19.23 19.14 19.03 18.92 18.82 18.71 18.62 18.53 18.45 18.37 18.30 18.24 18.18 18.13 18.08 18.04 17.99 17.96 17.92 17.90 17.89 17.91 17.93 17.96 17.99 18.02 18.04 18.06 18.09 18.11 18.13 18.14 18.15 18.15 18.16 18.16 18.16 18.15 18.14 18.13 18.13 18.12 18.10 18.09 18.08 18.07 18.06 18.05 18.04 18.03 18.03 18.02 18.02 18.01 18.01 18.01 18.01 18.00 18.01 18.01 18.01
19.98 19.95 19.97 20.00 19.95 19.92 19.88 19.83 19.78 19.72 19.68 19.61 19.55 19.48 19.40 19.32 19.22 19.13 19.02 18.92 18.81 18.71 18.61 18.52 18.43 18.36 18.29 18.22 18.16 18.10 18.06 18.01 17.99 17.97 17.95 17.95 17.96 17.97 17.99 18.00 18.02 18.04 18.07 18.08 18.10 18.11 18.12 18.12 18.14 18.14 18.13 18.13 18.12 18.11 18.11 18.10 18.09 18.08 18.06 18.05 18.04 18.03 18.02 18.01 18.00 17.99 17.99 17.98 17.97 17.97 17.97 17.97 17.97 17.97 17.97 17.97 17.97
20.09 20.05 20.01 19.97 19.93 19.88 19.84 19.79 19.75 19.70 19.64 19.58 19.53 19.46 19.39 19.30 19.22 19.12 19.02 18.92 18.83 18.73 18.64 18.56 18.47 18.40 18.33 18.26 18.21 18.16 18.12 18.08 18.05 18.04 18.02 18.01 18.02 18.02 18.03 18.04 18.06 18.07 18.08 18.09 18.09 18.11 18.11 18.12 18.11 18.11 18.11 18.11 18.10 18.09 18.07 18.06 18.05 18.03 18.02 18.01 18.00 17.98 17.97 17.97 17.96 17.95 17.95 17.94 17.93 17.93 17.94 17.93 17.94 17.93 17.93 17.94 17.94
20.05 20.01 19.97 19.93 19.89 19.85 19.80 19.76 19.72 19.67 19.61 19.56 19.50 19.43 19.37 19.28 19.20 19.11 19.02 18.93 18.85 18.76 18.68 18.61 18.52 18.46 18.39 18.33 18.27 18.23 18.18 18.15 18.12 18.10 18.09 18.08 18.07 18.08 18.07 18.08 18.08 18.08 18.10 18.10 18.10 18.10 18.10 18.10 18.09 18.09 18.08 18.07 18.06 18.05 18.04 18.02 18.01 18.00 17.99 17.98 17.95 17.95 17.93 17.92 17.92 17.91 17.91 17.90 17.90 17.90 17.89 17.89 17.89 17.90 17.90 17.91 17.91
20.01 19.97 19.93 19.89 19.85 19.81 19.77 19.73 19.68 19.63 19.59 19.53 19.47 19.42 19.35 19.27 19.19 19.11 19.03 18.95 18.87 18.79 18.72 18.64 18.57 18.51 18.44 18.39 18.33 18.28 18.25 18.21 18.19 18.16 18.14 18.13 18.12 18.11 18.10 18.11 18.11 18.10 18.10 18.10 18.09 18.10 18.09 18.08 18.08 18.06 18.05 18.04 18.03 18.01 18.01 17.99 17.98 17.96 17.95 17.93 17.92 17.91 17.89 17.88 17.88 17.87 17.87 17.86 17.86 17.86 17.85 17.86 17.86 17.86 17.86 17.88 17.88
19.97 19.93 19.89 19.85 19.81 19.78 19.74 19.69 19.65 19.60 19.56 19.50 19.45 19.39 19.32 19.25 19.18 19.10 19.03 18.95 18.89 18.81 18.74 18.67 18.61 18.54 18.49 18.43 18.39 18.34 18.30 18.27 18.23 18.21 18.19 18.17 18.15 18.15 18.13 18.12 18.12 18.11 18.11 18.10 18.09 18.08 18.07 18.06 18.05 18.04 18.03 18.01 18.00 17.98 17.97 17.95 17.94 17.92 17.91 17.89 17.88 17.87 17.86 17.85 17.84 17.83 17.83 17.83 17.82 17.82 17.82 17.82 17.82 17.83 17.83 17.84 17.85
19.93 19.90 19.87 19.83 19.79 19.74 19.70 19.66 19.61 19.58 19.53 19.47 19.42 19.37 19.30 19.24 19.17 19.09 19.03 18.96 18.89 18.82 18.76 18.70 18.64 18.58 18.52 18.47 18.42 18.38 18.34 18.30 18.28 18.24 18.23 18.20 18.18 18.16 18.15 18.14 18.13 18.12 18.10 18.09 18.08 18.07 18.06 18.04 18.03 18.01 18.00 17.98 17.96 17.94 17.93 17.91 17.89 17.88 17.87 17.85 17.84 17.83 17.82 17.81 17.80 17.79 17.79 17.79 17.78 17.79 17.78 17.79 17.79 17.80 17.80 17.80 17.82
19.91 19.87 19.83 19.79 19.75 19.71 19.67 19.62 19.58 19.54 19.49 19.44 19.40 19.34 19.27 19.22 19.15 19.08 19.02 18.95 18.90 18.83 18.77 18.71 18.65 18.60 18.55 18.50 18.45 18.41 18.37 18.33 18.30 18.28 18.25 18.22 18.21 18.18 18.16 18.14 18.13 18.11 18.10 18.08 18.07 18.05 18.03 18.02 18.00 17.98 17.96 17.95 17.93 17.91 17.90 17.88 17.86 17.85 17.83 17.81 17.80 17.79 17.78 17.77 17.77 17.76 17.76 17.76 17.75 17.75 17.76 17.76 17.76 17.77 17.77 17.78 17.79
19.87 19.83 19.79 19.75 19.71 19.67 19.63 19.59 19.55 19.51 19.46 19.41 19.36 19.30 19.24 19.19 19.13 19.06 19.01 18.94 18.89 18.83 18.77 18.72 18.66 18.62 18.56 18.51 18.47 18.43 18.39 18.36 18.32 18.29 18.27 18.24 18.21 18.18 18.16 18.15 18.13 18.11 18.08 18.06 18.04 18.02 18.01 17.99 17.97 17.95 17.93 17.91 17.89 17.87 17.86 17.84 17.82 17.81 17.79 17.78 17.77 17.75 17.74 17.74 17.73 17.72 17.72 17.72 17.71 17.72 17.72 17.72 17.73 17.73 17.74 17.75 17.76
19.83 19.80 19.76 19.72 19.68 19.64 19.59 19.55 19.52 19.47 19.42 19.37 19.33 19.27 19.21 19.16 19.10 19.04 18.99 18.93 18.87 18.82 18.77 18.72 18.67 18.61 18.57 18.52 18.48 18.44 18.40 18.36 18.33 18.30 18.27 18.23 18.22 18.19 18.16 18.14 18.11 18.10 18.07 18.05 18.03 18.01 17.98 17.96 17.94 17.92 17.90 17.87 17.85 17.83 17.82 17.80 17.78 17.77 17.75 17.74 17.73 17.72 17.70 17.70 17.69 17.69 17.68 17.68 17.69 17.68 17.69 17.69 17.70 17.70 17.72 17.72 17.73
19.80 19.76 19.72 19.68 19.64 19.60 19.56 19.52 19.48 19.43 19.38 19.33 19.28 19.23 19.17 19.12 19.07 19.01 18.96 18.91 18.86 18.81 18.76 18.70 18.66 18.61 18.56 18.53 18.48 18.44 18.41 18.37 18.33 18.30 18.27 18.24 18.20 18.18 18.16 18.13 18.10 18.07 18.05 18.02 18.00 17.98 17.96 17.93 17.91 17.89 17.87 17.84 17.82 17.80 17.78 17.77 17.75 17.74 17.71 17.70 17.69 17.68 17.67 17.67 17.65 17.65 17.65 17.65 17.65 17.65 17.66 17.66 17.67 17.67 17.69 17.69 17.70
19.76 19.72 19.68 19.64 19.60 19.56 19.52 19.48 19.43 19.39 19.34 19.28 19.24 19.19 19.14 19.08 19.04 18.98 18.93 18.89 18.83 18.79 18.74 18.69 18.64 18.60 18.56 18.51 18.48 18.43 18.39 18.36 18.32 18.29 18.25 18.23 18.20 18.16 18.13 18.10 18.08 18.06 18.03 18.00 17.97 17.95 17.92 17.90 17.87 17.85 17.83 17.80 17.78 17.76 17.74 17.73 17.71 17.69 17.68 17.67 17.65 17.64 17.63 17.63 17.62 17.62 17.62 17.61 17.62 17.62 17.62 17.63 17.64 17.65 17.66 17.67 17.68
19.71 19.67 19.63 19.59 19.55 19.51 19.47 19.42 19.39 19.34 19.29 19.24 19.20 19.15 19.10 19.05 19.00 18.95 18.90 18.86 18.81 18.76 18.72 18.67 18.63 18.59 18.54 18.50 18.46 18.42 18.38 18.34 18.30 18.28 18.24 18.21 18.17 18.15 18.12 18.09 18.06 18.03 18.00 17.97 17.94 17.92 17.89 17.87 17.84 17.82 17.80 17.77 17.75 17.73 17.70 17.68 17.67 17.65 17.64 17.63 17.62 17.61 17.60 17.59 17.59 17.58 17.58 17.59 17.58 17.59 17.59 17.60 17.61 17.62 17.63 17.64 17.65
19.66 19.62 19.58 19.54 19.50 19.46 19.42 19.38 19.34 19.29 19.24 19.20 19.16 19.11 19.06 19.01 18.96 18.92 18.87 18.82 18.78 18.74 18.69 18.65 18.61 18.56 18.53 18.48 18.44 18.40 18.37 18.33 18.29 18.25 18.22 18.19 18.15 18.12 18.09 18.05 18.03 18.00 17.97 17.94 17.91 17.88 17.86 17.83 17.80 17.78 17.75 17.73 17.71 17.69 17.67 17.65 17.64 17.62 17.60 17.59 17.58 17.57 17.57 17.55 17.55 17.55 17.55 17.55 17.56 17.56 17.57 17.57 17.58 17.59 17.61 17.61 17.63
19.61 19.57 19.53 19.49 19.45 19.41 19.37 19.32 19.29 19.24 19.20 19.15 19.10 19.07 19.02 18.97 18.92 18.89 18.84 18.79 18.75 18.71 18.66 18.62 18.58 18.54 18.49 18.46 18.42 18.38 18.34 18.31 18.27 18.23 18.19 18.16 18.12 18.10 18.06 18.03 18.00 17.96 17.93 17.90 17.87 17.84 17.83 17.80 17.77 17.75 17.71 17.70 17.67 17.65 17.63 17.61 17.60 17.58 17.57 17.56 17.55 17.53 17.53 17.53 17.52 17.52 17.52 17.52 17.52 17.53 17.54 17.55 17.55 17.57 17.58 17.60 17.61
19.55 19.52 19.48 19.44 19.40 19.36 19.32 19.28 19.23 19.20 19.15 19.11 19.06 19.02 18.98 18.93 18.89 18.84 18.80 18.76 18.71 18.68 18.63 18.59 18.54 18.51 18.47 18.43 18.39 18.35 18.31 18.27 18.23 18.21 18.17 18.13 18.10 18.06 18.03 17.99 17.97 17.94 17.90 17.87 17.84 17.81 17.79 17.76 17.73 17.71 17.68 17.66 17.64 17.62 17.60 17.58 17.55 17.54 17.53 17.52 17.51 17.51 17.49 17.49 17.49 17.49 17.49 17.49 17.49 17.50 17.51 17.52 17.53 17.54 17.56 17.57 17.58
19.50 19.46 19.43 19.40 19.36 19.32 19.27 19.23 19.19 19.14 19.11 19.07 19.02 18.98 18.94 18.90 18.85 18.81 18.77 18.73 18.68 18.64 18.60 18.56 18.52 18.47 18.44 18.40 18.36 18.32 18.29 18.25 18.21 18.17 18.13 18.11 18.07 18.03 18.00 17.96 17.93 17.90 17.86 17.83 17.80 17.77 17.74 17.72 17.70 17.67 17.64 17.62 17.59 17.57 17.56 17.54 17.52 17.51 17.50 17.49 17.47 17.47 17.46 17.45 17.45 17.46 17.46 17.46 17.47 17.47 17.48 17.50 17.50 17.52 17.53 17.55 17.56
19.46 19.42 19.38 19.34 19.31 19.27 19.23 19.19 19.15 19.10 19.07 19.03 18.98 18.94 18.89 18.86 18.81 18.77 18.73 18.69 18.65 18.60 18.56 18.53 18.49 18.44 18.40 18.37 18.33 18.29 18.25 18.21 18.18 18.14 18.10 18.07 18.03 17.99 17.96 17.93 17.90 17.87 17.83 17.80 17.77 17.74 17.71 17.68 17.66 17.63 17.61 17.58 17.56 17.54 17.52 17.51 17.48 17.47 17.46 17.45 17.44 17.44 17.43 17.43 17.43 17.42 17.43 17.44 17.44 17.45 17.45 17.47 17.48 17.49 17.51 17.52 17.54
19.42 19.38 19.34 19.30 19.26 19.23 19.19 19.15 19.10 19.06 19.02 18.99 18.94 18.90 18.86 18.82 18.78 18.73 18.69 18.65 18.61 18.57 18.53 18.49 18.45 18.41 18.37 18.33 18.30 18.26 18.22 18.18 18.14 18.10 18.07 18.04 18.00 17.96 17.93 17.89 17.86 17.82 17.79 17.76 17.74 17.71 17.68 17.65 17.62 17.60 17.58 17.54 17.52 17.50 17.48 17.47 17.45 17.44 17.43 17.41 17.41 17.40 17.40 17.39 17.39 17.40 17.39 17.40 17.41 17.42 17.43 17.45 17.45 17.47 17.48 17.51 17.52
19.38 19.34 19.30 19.26 19.22 19.18 19.14 19.11 19.06 19.02 18.98 18.94 18.90 18.86 18.82 18.78 18.74 18.70 18.66 18.61 18.57 18.54 18.50 18.45 18.41 18.38 18.34 18.30 18.26 18.22 18.18 18.15 18.11 18.07 18.03 17.99 17.96 17.93 17.90 17.86 17.83 17.79 17.76 17.73 17.70 17.67 17.64 17.61 17.58 17.56 17.53 17.51 17.49 17.47 17.45 17.44 17.41 17.40 17.39 17.38 17.38 17.36 17.36 17.36 17.37 17.36 17.37 17.38 17.38 17.39 17.41 17.42 17.44 17.45 17.47 17.48 17.50
19.33 19.30 19.26 19.22 19.18 19.14 19.10 19.07 19.03 18.98 18.94 18.90 18.86 18.83 18.78 18.74 18.70 18.66 18.62 18.58 18.54 18.50 18.46 18.42 18.38 18.34 18.30 18.27 18.23 18.19 18.15 18.11 18.07 18.04 18.00 17.96 17.93 17.89 17.85 17.82 17.79 17.75 17.73 17.69 17.66 17.63 17.60 17.58 17.55 17.52 17.50 17.47 17.45 17.43 17.41 17.40 17.38 17.37 17.36 17.35 17.34 17.34 17.34 17.33 17.33 17.34 17.35 17.35 17.36 17.36 17.38 17.40 17.41 17.43 17.44 17.46 17.48
19.29 19.25 19.21 19.18 19.14 19.10 19.06 19.02 18.98 18.95 18.91 18.86 18.82 18.78 18.75 18.71 18.66 18.62 18.58 18.55 18.50 18.46 18.42 18.39 18.35 18.31 18.27 18.22 18.18 18.15 18.11 18.07 18.04 18.00 17.96 17.93 17.89 17.86 17.82 17.79 17.75 17.72 17.68 17.65 17.62 17.59 17.56 17.53 17.51 17.48 17.46 17.44 17.42 17.40 17.38 17.37 17.34 17.33 17.32 17.32 17.31 17.30 17.30 17.30 17.31 17.31 17.31 17.33 17.33 17.34 17.36 17.37 17.39 17.40 17.42 17.45 17.46
19.26 19.22 19.18 19.14 19.11 19.07 19.03 18.99 18.94 18.90 18.87 18.83 18.79 18.75 18.70 18.67 18.63 18.59 18.55 18.50 18.47 18.43 18.39 18.35 18.31 18.27 18.23 18.19 18.15 18.11 18.08 18.04 18.00 17.96 17.93 17.89 17.85 17.81 17.79 17.75 17.72 17.68 17.65 17.62 17.59 17.56 17.53 17.50 17.48 17.45 17.43 17.40 17.38 17.36 17.34 17.33 17.31 17.30 17.30 17.28 17.28 17.28 17.28 17.27 17.27 17.28 17.29 17.29 17.31 17.32 17.33 17.35 17.36 17.38 17.41 17.42 17.44
19.22 19.18 19.14 19.10 19.06 19.02 18.99 18.95 18.91 18.87 18.83 18.80 18.75 18.71 18.67 18.63 18.59 18.55 18.51 18.47 18.43 18.39 18.36 18.31 18.27 18.23 18.20 18.16 18.12 18.08 18.04 18.00 17.96 17.93 17.89 17.86 17.82 17.78 17.75 17.71 17.68 17.64 17.61 17.58 17.55 17.52 17.49 17.46 17.43 17.41 17.39 17.37 17.35 17.33 17.31 17.30 17.29 17.27 17.26 17.25 17.25 17.24 17.24 17.24 17.25 17.26 17.26 17.27 17.29 17.29 17.31 17.33 17.34 17.37 17.38 17.40 17.43
19.18 19.14 19.11 19.07 19.03 18.99 18.95 18.92 18.88 18.84 18.79 18.75 18.71 18.68 18.64 18.60 18.55 18.51 18.48 18.44 18.40 18.35 18.31 18.28 18.24 18.20 18.16 18.12 18.09 18.05 18.01 17.97 17.93 17.89 17.85 17.81 17.79 17.75 17.71 17.68 17.64 17.61 17.58 17.54 17.51 17.48 17.46 17.43 17.40 17.38 17.36 17.33 17.31 17.30 17.27 17.26 17.25 17.24 17.23 17.22 17.21 17.21 17.22 17.22 17.22 17.23 17.24 17.25 17.26 17.28 17.29 17.30 17.33 17.34 17.36 17.39 17.40
19.15 19.11 19.07 19.04 19.00 18.96 18.92 18.88 18.83 18.80 18.76 18.72 18.68 18.64 18.61 18.56 18.52 18.48 18.44 18.41 18.36 18.32 18.28 18.24 18.20 18.17 18.13 18.09 18.05 18.01 17.98 17.94 17.90 17.86 17.82 17.78 17.74 17.71 17.67 17.64 17.60 17.57 17.54 17.51 17.48 17.45 17.41 17.39 17.36 17.34 17.31 17.29 17.27 17.26 17.24 17.23 17.22 17.21 17.19 17.19 17.19 17.19 17.18 17.19 17.20 17.21 17.21 17.22 17.24 17.25 17.27 17.29 17.30 17.32 17.35 17.36 17.39
19.12 19.08 19.04 19.00 18.96 18.93 18.89 18.84 18.80 18.76 18.73 18.69 18.65 18.61 18.56 18.52 18.49 18.45 18.41 18.36 18.32 18.29 18.25 18.21 18.17 18.13 18.09 18.05 18.01 17.97 17.93 17.89 17.85 17.83 17.79 17.75 17.71 17.68 17.64 17.60 17.57 17.54 17.50 17.47 17.44 17.41 17.38 17.36 17.33 17.31 17.28 17.26 17.24 17.23 17.21 17.19 17.18 17.17 17.17 17.16 17.16 17.15 17.16 17.16 17.17 17.17 17.19 17.20 17.21 17.23 17.25 17.27 17.28 17.31 17.33 17.35 17.37
19.08 19.05 19.01 18.97 18.93 18.89 18.86 18.81 18.77 18.73 18.69 18.65 18.62 18.57 18.53 18.49 18.45 18.42 18.38 18.33 18.29 18.25 18.21 18.18 18.14 18.09 18.05 18.01 17.98 17.94 17.90 17.86 17.82 17.78 17.75 17.71 17.67 17.64 17.61 17.57 17.54 17.50 17.47 17.44 17.41 17.38 17.35 17.32 17.30 17.28 17.24 17.23 17.21 17.19 17.17 17.16 17.15 17.15 17.14 17.13 17.13 17.13 17.13 17.14 17.14 17.15 17.17 17.18 17.19 17.21 17.23 17.24 17.27 17.29 17.31 17.33 17.36
19.05 19.01 18.97 18.94 18.90 18.86 18.82 18.77 18.74 18.70 18.66 18.62 18.58 18.54 18.50 18.46 18.42 18.38 18.33 18.30 18.26 18.22 18.18 18.14 18.09 18.06 18.02 17.98 17.94 17.90 17.86 17.83 17.79 17.75 17.71 17.68 17.64 17.60 17.57 17.53 17.50 17.46 17.43 17.40 17.37 17.34 17.31 17.28 17.26 17.24 17.21 17.19 17.18 17.16 17.15 17.13 17.12 17.11 17.10 17.10 17.10 17.11 17.10 17.11 17.12 17.13 17.14 17.15 17.17 17.19 17.20 17.23 17.25 17.27 17.29 17.32 17.34
19.02 18.98 18.94 18.90 18.86 18.83 18.79 18.74 18.70 18.67 18.63 18.59 18.55 18.50 18.46 18.43 18.39 18.35 18.30 18.26 18.23 18.19 18.15 18.11 18.06 18.02 17.98 17.95 17.91 17.87 17.83 17.79 17.75 17.71 17.67 17.64 17.61 17.57 17.53 17.50 17.46 17.43 17.40 17.37 17.34 17.31 17.28 17.25 17.23 17.20 17.18 17.16 17.15 17.12 17.11 17.10 17.09 17.08 17.08 17.08 17.08 17.07 17.08 17.09 17.10 17.10 17.12 17.13 17.15 17.17 17.19 17.21 17.23 17.25 17.28 17.30 17.32
18.98 18.95 18.91 18.87 18.83 18.79 18.76 18.72 18.67 18.63 18.59 18.56 18.52 18.47 18.43 18.39 18.36 18.32 18.27 18.23 18.19 18.15 18.12 18.08 18.03 17.99 17.95 17.91 17.88 17.84 17.80 17.76 17.72 17.68 17.64 17.60 17.57 17.53 17.49 17.46 17.43 17.40 17.37 17.34 17.30 17.28 17.25 17.22 17.20 17.17 17.14 17.13 17.11 17.09 17.08 17.07 17.06 17.06 17.05 17.05 17.05 17.06 17.06 17.07 17.07 17.09 17.10 17.12 17.13 17.15 17.17 17.20 17.21 17.24 17.26 17.28 17.31
18.95 18.91 18.87 18.84 18.80 18.76 18.72 18.68 18.65 18.60 18.56 18.52 18.48 18.45 18.40 18.36 18.32 18.28 18.25 18.20 18.16 18.12 18.08 18.04 18.00 17.96 17.92 17.88 17.84 17.80 17.76 17.73 17.69 17.65 17.61 17.57 17.53 17.50 17.46 17.43 17.39 17.36 17.33 17.29 17.26 17.24 17.21 17.18 17.16 17.14 17.12 17.10 17.09 17.07 17.06 17.06 17.05 17.04 17.04 17.04 17.04 17.05 17.05 17.05 17.07 17.08 17.09 17.11 17.12 17.14 17.16 17.17 17.20 17.22 17.25 17.27 17.29
18.93 18.89 18.84 18.80 18.77 18.73 18.69 18.65 18.61 18.57 18.53 18.49 18.45 18.41 18.36 18.33 18.29 18.25 18.21 18.16 18.13 18.09 18.05 18.01 17.96 17.92 17.89 17.85 17.81 17.77 17.73 17.69 17.65 17.61 17.58 17.54 17.50 17.47 17.43 17.40 17.36 17.33 17.30 17.27 17.24 17.21 17.18 17.16 17.14 17.12 17.10 17.09 17.08 17.07 17.05 17.04 17.03 17.03 17.03 17.03 17.04 17.04 17.04 17.05 17.06 17.07 17.09 17.09 17.11 17.13 17.14 17.16 17.19 17.21 17.24 17.25 17.28
