examples/latest.grid
ncols 886
nrows 691
xllcenter 112.0000
yllcenter -44.5000
cellsize 0.0500
nodata_value 99999.90
[rows 578 to 611 of 691, columns 154 to 230 of 886]
17.78 17.78 17.78 17.78 17.78 17.78 17.79 17.79 17.80 17.79 17.79 17.78 17.77 17.75 17.71 17.68 17.64 17.59 17.54 17.50 17.45 17.40 17.36 17.32 17.28 17.23 17.19 17.15 17.11 17.06 17.02 16.98 16.94 16.90 16.86 16.84 16.80 16.76 16.73 16.69 16.65 16.62 16.59 16.55 16.52 16.49 16.46 16.42 16.39 16.36 16.33 16.30 16.29 16.25 16.23 16.20 16.18 16.15 16.13 16.10 16.08 16.05 16.03 16.00 15.98 15.96 15.94 15.92 15.89 15.87 15.85 15.83 15.81 15.79 15.78 15.76 15.74
17.75 17.75 17.75 17.75 17.75 17.75 17.76 17.75 17.74 17.73 17.70 17.66 17.62 17.59 17.54 17.49 17.45 17.40 17.36 17.31 17.27 17.23 17.19 17.15 17.11 17.07 17.02 16.98 16.94 16.91 16.87 16.83 16.80 16.76 16.73 16.69 16.66 16.62 16.59 16.55 16.52 16.49 16.46 16.43 16.39 16.36 16.33 16.31 16.29 16.25 16.23 16.20 16.18 16.15 16.12 16.10 16.07 16.05 16.03 16.00 15.98 15.96 15.93 15.91 15.89 15.87 15.85 15.83 15.81 15.79 15.77 15.75 15.73 15.72 15.70 15.68 15.66
17.71 17.72 17.71 17.71 17.71 17.70 17.68 17.64 17.60 17.56 17.52 17.48 17.44 17.39 17.35 17.30 17.26 17.22 17.18 17.14 17.10 17.06 17.02 16.98 16.94 16.90 16.87 16.83 16.79 16.75 16.73 16.69 16.66 16.62 16.59 16.55 16.52 16.49 16.46 16.42 16.39 16.36 16.33 16.30 16.28 16.26 16.23 16.20 16.17 16.15 16.12 16.10 16.07 16.05 16.02 16.00 15.98 15.95 15.93 15.91 15.89 15.87 15.84 15.82 15.80 15.78 15.77 15.75 15.73 15.71 15.69 15.67 15.66 15.64 15.62 15.61 15.59
17.67 17.67 17.65 17.61 17.57 17.54 17.50 17.45 17.41 17.38 17.33 17.29 17.25 17.21 17.17 17.12 17.08 17.05 17.01 16.98 16.94 16.90 16.86 16.82 16.79 16.75 16.71 16.68 16.64 16.62 16.58 16.55 16.52 16.49 16.45 16.42 16.39 16.36 16.33 16.30 16.27 16.24 16.23 16.20 16.17 16.14 16.12 16.09 16.07 16.04 16.02 15.99 15.97 15.95 15.92 15.90 15.88 15.86 15.84 15.82 15.80 15.78 15.76 15.74 15.72 15.70 15.68 15.67 15.65 15.63 15.62 15.60 15.58 15.57 15.55 15.54 15.52
17.54 17.50 17.47 17.42 17.38 17.34 17.30 17.26 17.23 17.19 17.15 17.11 17.07 17.03 16.99 16.95 16.93 16.89 16.85 16.81 16.78 16.74 16.71 16.67 16.64 16.61 16.58 16.55 16.51 16.48 16.45 16.42 16.39 16.36 16.33 16.30 16.27 16.24 16.21 16.18 16.17 16.14 16.11 16.09 16.06 16.04 16.01 15.99 15.96 15.94 15.92 15.90 15.87 15.85 15.83 15.81 15.79 15.77 15.75 15.73 15.71 15.69 15.68 15.66 15.64 15.62 15.61 15.59 15.57 15.56 15.54 15.53 15.51 15.50 15.48 15.47 15.45
17.35 17.31 17.27 17.23 17.19 17.16 17.13 17.09 17.05 17.01 16.97 16.94 16.90 16.86 16.84 16.80 16.76 16.73 16.69 16.66 16.63 16.59 16.56 16.54 16.50 16.47 16.44 16.41 16.38 16.35 16.32 16.29 16.26 16.23 16.20 16.18 16.16 16.13 16.11 16.08 16.05 16.03 16.00 15.98 15.96 15.93 15.91 15.89 15.87 15.84 15.82 15.80 15.78 15.76 15.74 15.72 15.70 15.68 15.67 15.65 15.63 15.61 15.60 15.58 15.56 15.55 15.53 15.52 15.50 15.49 15.47 15.46 15.44 15.43 15.42 15.40 15.39
17.16 17.12 17.08 17.05 17.02 16.99 16.95 16.91 16.88 16.84 16.81 16.77 16.75 16.71 16.68 16.65 16.61 16.58 16.55 16.51 16.48 16.45 16.43 16.40 16.37 16.34 16.31 16.28 16.25 16.22 16.19 16.17 16.14 16.11 16.10 16.07 16.05 16.02 16.00 15.97 15.95 15.92 15.90 15.88 15.86 15.83 15.81 15.79 15.77 15.75 15.73 15.71 15.69 15.67 15.65 15.64 15.62 15.61 15.59 15.58 15.55 15.54 15.53 15.51 15.50 15.47 15.46 15.45 15.44 15.43 15.41 15.39 15.38 15.36 15.35 15.34 15.33
16.98 16.95 16.92 16.88 16.85 16.81 16.78 16.75 16.71 16.68 16.66 16.63 16.59 16.56 16.53 16.50 16.47 16.43 16.40 16.38 16.35 16.32 16.30 16.27 16.24 16.21 16.18 16.16 16.13 16.10 16.08 16.05 16.03 16.01 15.98 15.96 15.94 15.91 15.89 15.87 15.85 15.82 15.80 15.78 15.76 15.74 15.72 15.70 15.68 15.66 15.64 15.62 15.62 15.60 15.58 15.56 15.55 15.53 15.52 15.50 15.48 15.47 15.45 15.44 15.43 15.41 15.40 15.39 15.37 15.36 15.35 15.33 15.32 15.30 15.29 15.29 15.27
16.81 16.78 16.75 16.72 16.68 16.65 16.62 16.60 16.57 16.54 16.51 16.48 16.45 16.42 16.39 16.36 16.33 16.31 16.28 16.25 16.22 16.20 16.17 16.14 16.11 16.09 16.06 16.04 16.01 16.00 15.97 15.95 15.92 15.90 15.88 15.86 15.83 15.81 15.79 15.77 15.75 15.73 15.71 15.69 15.67 15.65 15.63 15.62 15.60 15.59 15.57 15.55 15.53 15.52 15.50 15.49 15.47 15.46 15.44 15.43 15.41 15.40 15.38 15.37 15.36 15.34 15.33 15.32 15.31 15.29 15.28 15.27 15.26 15.25 15.24 15.23 15.22
16.65 16.62 16.59 16.56 16.53 16.50 16.48 16.45 16.42 16.39 16.36 16.33 16.30 16.28 16.25 16.23 16.20 16.18 16.15 16.12 16.10 16.07 16.05 16.02 16.00 15.97 15.96 15.93 15.91 15.89 15.86 15.84 15.82 15.80 15.78 15.75 15.73 15.71 15.69 15.67 15.65 15.64 15.62 15.61 15.59 15.57 15.55 15.54 15.52 15.50 15.49 15.47 15.46 15.44 15.43 15.41 15.40 15.38 15.37 15.35 15.34 15.33 15.32 15.30 15.29 15.28 15.27 15.25 15.24 15.23 15.22 15.21 15.20 15.19 15.18 15.17 15.16
16.49 16.46 16.45 16.42 16.39 16.36 16.33 16.31 16.28 16.25 16.22 16.20 16.17 16.15 16.13 16.10 16.08 16.05 16.03 16.00 15.98 15.95 15.94 15.91 15.89 15.87 15.85 15.83 15.80 15.78 15.76 15.74 15.72 15.70 15.68 15.66 15.64 15.62 15.61 15.59 15.57 15.56 15.54 15.52 15.51 15.49 15.47 15.46 15.44 15.42 15.41 15.39 15.38 15.37 15.35 15.34 15.32 15.31 15.30 15.29 15.27 15.26 15.25 15.24 15.23 15.21 15.20 15.19 15.18 15.17 15.16 15.15 15.14 15.13 15.12 15.11 15.10
16.34 16.33 16.30 16.27 16.25 16.22 16.20 16.17 16.14 16.12 16.10 16.08 16.05 16.03 16.00 15.98 15.96 15.93 15.91 15.89 15.87 15.85 15.83 15.81 15.79 15.76 15.74 15.72 15.70 15.68 15.66 15.64 15.62 15.61 15.59 15.58 15.56 15.54 15.52 15.51 15.49 15.47 15.46 15.44 15.42 15.41 15.39 15.38 15.36 15.35 15.34 15.32 15.31 15.29 15.28 15.27 15.26 15.24 15.23 15.22 15.21 15.20 15.19 15.17 15.16 15.15 15.14 15.13 15.12 15.11 15.10 15.09 15.09 15.08 15.07 15.06 15.05
16.21 16.19 16.16 16.14 16.11 16.09 16.07 16.05 16.03 16.00 15.98 15.96 15.93 15.91 15.89 15.86 15.84 15.82 15.81 15.79 15.77 15.74 15.72 15.70 15.68 15.66 15.64 15.62 15.60 15.59 15.57 15.56 15.54 15.52 15.51 15.49 15.47 15.45 15.44 15.42 15.41 15.39 15.38 15.36 15.35 15.33 15.32 15.30 15.29 15.28 15.26 15.25 15.24 15.23 15.21 15.21 15.20 15.19 15.18 15.16 15.14 15.13 15.12 15.12 15.11 15.10 15.08 15.07 15.07 15.06 15.05 15.04 15.03 15.02 15.01 15.01 15.00
16.08 16.05 16.03 16.01 15.98 15.97 15.95 15.93 15.90 15.88 15.86 15.84 15.82 15.80 15.78 15.76 15.74 15.72 15.70 15.68 15.66 15.64 15.62 15.60 15.58 15.57 15.55 15.54 15.52 15.50 15.49 15.47 15.45 15.44 15.42 15.40 15.39 15.37 15.36 15.34 15.33 15.31 15.30 15.28 15.27 15.26 15.24 15.23 15.22 15.21 15.20 15.19 15.18 15.17 15.16 15.15 15.14 15.12 15.11 15.10 15.09 15.08 15.07 15.06 15.06 15.05 15.04 15.03 15.02 15.01 14.99 14.99 14.98 14.97 14.96 14.96 14.95
15.95 15.94 15.91 15.89 15.87 15.85 15.83 15.81 15.79 15.77 15.75 15.74 15.72 15.70 15.68 15.66 15.64 15.62 15.60 15.58 15.56 15.54 15.53 15.51 15.49 15.48 15.47 15.45 15.43 15.42 15.40 15.38 15.37 15.35 15.34 15.32 15.31 15.29 15.28 15.26 15.25 15.24 15.22 15.22 15.21 15.20 15.18 15.17 15.16 15.15 15.14 15.13 15.11 15.10 15.09 15.08 15.07 15.06 15.05 15.04 15.03 15.03 15.02 15.01 15.00 14.99 14.98 14.97 14.97 14.96 14.95 14.94 14.94 14.93 14.92 14.91 14.90
15.83 15.81 15.79 15.77 15.75 15.73 15.72 15.70 15.68 15.67 15.65 15.63 15.61 15.59 15.57 15.56 15.54 15.52 15.50 15.48 15.47 15.46 15.44 15.43 15.41 15.39 15.38 15.36 15.35 15.33 15.32 15.30 15.29 15.27 15.26 15.24 15.24 15.22 15.21 15.20 15.19 15.18 15.16 15.15 15.14 15.13 15.12 15.11 15.09 15.08 15.07 15.06 15.05 15.04 15.03 15.02 15.01 15.00 15.00 14.99 14.98 14.97 14.96 14.95 14.94 14.94 14.93 14.92 14.91 14.91 14.90 14.89 14.89 14.88 14.87 14.87 14.86
15.72 15.70 15.68 15.66 15.64 15.62 15.62 15.60 15.58 15.56 15.54 15.53 15.51 15.49 15.48 15.46 15.44 15.43 15.42 15.40 15.39 15.37 15.35 15.34 15.32 15.31 15.29 15.28 15.26 15.25 15.24 15.22 15.21 15.21 15.19 15.18 15.17 15.15 15.14 15.13 15.12 15.11 15.10 15.08 15.07 15.06 15.05 15.04 15.03 15.02 15.01 15.00 14.99 14.98 14.97 14.96 14.96 14.95 14.94 14.93 14.92 14.91 14.91 14.90 14.89 14.88 14.88 14.87 14.86 14.86 14.85 14.84 14.84 14.83 14.83 14.82 14.81
15.61 15.59 15.58 15.56 15.55 15.53 15.51 15.50 15.48 15.46 15.45 15.43 15.41 15.40 15.38 15.38 15.36 15.34 15.33 15.31 15.30 15.28 15.27 15.26 15.24 15.23 15.21 15.21 15.20 15.18 15.17 15.16 15.14 15.13 15.12 15.11 15.10 15.08 15.07 15.06 15.05 15.04 15.03 15.02 15.01 15.00 14.99 14.98 14.97 14.96 14.95 14.94 14.93 14.92 14.92 14.91 14.90 14.89 14.88 14.88 14.87 14.86 14.85 14.85 14.84 14.83 14.83 14.82 14.81 14.81 14.80 14.80 14.79 14.78 14.78 14.77 14.77
15.51 15.49 15.48 15.46 15.45 15.43 15.41 15.40 15.38 15.37 15.36 15.35 15.33 15.32 15.30 15.29 15.27 15.26 15.24 15.23 15.22 15.20 15.19 15.19 15.16 15.16 15.15 15.13 15.12 15.11 15.10 15.08 15.07 15.06 15.05 15.04 15.03 15.02 15.01 15.00 14.99 14.98 14.97 14.96 14.95 14.95 14.94 14.93 14.91 14.91 14.90 14.89 14.89 14.88 14.87 14.86 14.86 14.85 14.84 14.83 14.83 14.82 14.81 14.81 14.79 14.79 14.79 14.78 14.78 14.76 14.76 14.75 14.74 14.74 14.73 14.73 14.72
15.41 15.39 15.38 15.36 15.35 15.33 15.32 15.32 15.30 15.29 15.27 15.26 15.24 15.23 15.22 15.20 15.19 15.18 15.16 15.15 15.14 15.13 15.12 15.11 15.10 15.08 15.07 15.06 15.05 15.04 15.03 15.01 15.00 14.99 14.98 14.97 14.96 14.95 14.95 14.93 14.92 14.92 14.91 14.91 14.90 14.89 14.88 14.87 14.86 14.85 14.85 14.84 14.83 14.82 14.82 14.81 14.80 14.80 14.79 14.78 14.78 14.77 14.76 14.76 14.75 14.75 14.74 14.74 14.73 14.72 14.72 14.71 14.71 14.70 14.69 14.69 14.68
15.31 15.30 15.28 15.28 15.27 15.25 15.24 15.23 15.21 15.20 15.19 15.17 15.16 15.15 15.13 15.12 15.12 15.11 15.09 15.08 15.07 15.06 15.05 15.03 15.02 15.01 15.00 14.99 14.98 14.97 14.96 14.95 14.94 14.93 14.93 14.92 14.91 14.90 14.89 14.88 14.87 14.86 14.86 14.85 14.84 14.83 14.82 14.82 14.81 14.80 14.79 14.79 14.78 14.77 14.77 14.76 14.75 14.75 14.74 14.73 14.73 14.72 14.72 14.71 14.70 14.70 14.69 14.69 14.68 14.68 14.67 14.67 14.67 14.66 14.66 14.65 14.64
15.23 15.22 15.20 15.19 15.18 15.17 15.15 15.14 15.13 15.12 15.10 15.09 15.09 15.08 15.07 15.05 15.04 15.03 15.02 15.01 15.00 14.99 14.97 14.96 14.95 14.94 14.93 14.93 14.91 14.91 14.90 14.89 14.88 14.87 14.87 14.86 14.85 14.84 14.83 14.82 14.81 14.81 14.80 14.79 14.78 14.78 14.77 14.76 14.75 14.75 14.74 14.73 14.73 14.72 14.71 14.71 14.70 14.70 14.69 14.69 14.68 14.67 14.67 14.66 14.66 14.65 14.65 14.64 14.64 14.64 14.63 14.63 14.62 14.62 14.61 14.61 14.61
15.14 15.13 15.12 15.11 15.09 15.08 15.07 15.06 15.05 15.05 15.03 15.02 15.01 15.00 14.99 14.98 14.97 14.96 14.95 14.94 14.93 14.92 14.91 14.91 14.89 14.89 14.88 14.87 14.86 14.85 14.84 14.83 14.82 14.81 14.81 14.80 14.79 14.78 14.77 14.77 14.76 14.75 14.74 14.74 14.73 14.72 14.72 14.71 14.70 14.70 14.69 14.68 14.68 14.67 14.67 14.66 14.65 14.65 14.64 14.64 14.63 14.63 14.62 14.62 14.61 14.61 14.61 14.60 14.60 14.59 14.59 14.58 14.58 14.58 14.57 14.57 14.57
15.06 15.05 15.04 15.03 15.02 15.01 15.00 14.99 14.98 14.97 14.96 14.95 14.94 14.93 14.92 14.91 14.90 14.89 14.88 14.88 14.87 14.86 14.85 14.84 14.83 14.82 14.81 14.80 14.80 14.79 14.78 14.77 14.76 14.76 14.75 14.74 14.73 14.72 14.72 14.71 14.71 14.71 14.70 14.69 14.69 14.68 14.67 14.67 14.66 14.66 14.65 14.64 14.64 14.63 14.63 14.62 14.62 14.61 14.61 14.60 14.60 14.59 14.59 14.58 14.57 14.57 14.56 14.56 14.55 14.55 14.55 14.54 14.54 14.54 14.53 14.53 14.53
14.98 14.98 14.97 14.96 14.95 14.94 14.93 14.92 14.91 14.90 14.89 14.88 14.87 14.86 14.86 14.85 14.84 14.83 14.82 14.81 14.80 14.79 14.79 14.78 14.77 14.76 14.75 14.74 14.74 14.73 14.72 14.71 14.71 14.71 14.70 14.69 14.69 14.68 14.67 14.67 14.66 14.65 14.65 14.64 14.64 14.63 14.62 14.62 14.61 14.61 14.60 14.60 14.59 14.59 14.58 14.58 14.57 14.57 14.56 14.56 14.55 14.55 14.55 14.54 14.54 14.53 14.53 14.53 14.52 14.52 14.52 14.51 14.51 14.50 14.49 14.49 14.49
14.91 14.90 14.89 14.88 14.87 14.86 14.85 14.85 14.84 14.84 14.82 14.82 14.81 14.80 14.79 14.78 14.77 14.77 14.76 14.75 14.74 14.73 14.72 14.72 14.71 14.70 14.70 14.70 14.68 14.68 14.67 14.67 14.66 14.65 14.65 14.64 14.63 14.63 14.62 14.62 14.61 14.60 14.60 14.59 14.59 14.58 14.58 14.57 14.57 14.56 14.56 14.55 14.55 14.54 14.54 14.53 14.53 14.52 14.52 14.52 14.51 14.51 14.50 14.50 14.50 14.49 14.49 14.49 14.48 14.48 14.48 14.47 14.47 14.47 14.46 14.46 14.46
14.84 14.83 14.82 14.81 14.80 14.79 14.79 14.79 14.78 14.77 14.76 14.75 14.74 14.74 14.73 14.72 14.71 14.70 14.70 14.69 14.68 14.68 14.68 14.67 14.66 14.65 14.65 14.64 14.63 14.63 14.62 14.61 14.61 14.60 14.59 14.59 14.58 14.58 14.57 14.57 14.56 14.55 14.55 14.54 14.54 14.53 14.53 14.52 14.52 14.51 14.51 14.51 14.50 14.50 14.49 14.49 14.48 14.48 14.48 14.47 14.47 14.47 14.46 14.46 14.45 14.45 14.45 14.45 14.44 14.44 14.44 14.43 14.43 14.43 14.42 14.42 14.42
14.78 14.77 14.76 14.75 14.74 14.74 14.73 14.72 14.71 14.70 14.70 14.69 14.68 14.67 14.67 14.66 14.65 14.65 14.65 14.64 14.63 14.63 14.62 14.61 14.61 14.60 14.59 14.59 14.58 14.57 14.57 14.56 14.56 14.55 14.54 14.54 14.53 14.53 14.52 14.52 14.52 14.52 14.51 14.51 14.49 14.49 14.49 14.49 14.48 14.48 14.48 14.47 14.47 14.46 14.46 14.46 14.45 14.45 14.44 14.44 14.44 14.43 14.43 14.42 14.41 14.41 14.41 14.41 14.40 14.40 14.40 14.39 14.39 14.39 14.39 14.38 14.38
14.71 14.70 14.69 14.69 14.68 14.67 14.66 14.66 14.65 14.64 14.64 14.63 14.63 14.62 14.62 14.61 14.60 14.60 14.59 14.58 14.58 14.57 14.56 14.56 14.55 14.55 14.54 14.53 14.53 14.52 14.52 14.51 14.50 14.50 14.50 14.50 14.49 14.49 14.48 14.48 14.47 14.47 14.47 14.46 14.46 14.45 14.45 14.44 14.44 14.44 14.43 14.43 14.42 14.42 14.42 14.41 14.41 14.41 14.40 14.40 14.40 14.39 14.39 14.39 14.39 14.38 14.38 14.38 14.37 14.37 14.36 14.36 14.35 14.35 14.35 14.35 14.35
14.64 14.64 14.63 14.62 14.62 14.62 14.61 14.61 14.60 14.59 14.59 14.58 14.57 14.57 14.56 14.55 14.55 14.54 14.53 14.53 14.52 14.52 14.51 14.50 14.51 14.49 14.50 14.49 14.49 14.48 14.48 14.47 14.47 14.46 14.46 14.45 14.45 14.44 14.44 14.43 14.43 14.42 14.42 14.42 14.41 14.41 14.40 14.40 14.40 14.39 14.39 14.39 14.38 14.38 14.38 14.37 14.37 14.37 14.36 14.36 14.36 14.35 14.35 14.35 14.35 14.34 14.34 14.34 14.34 14.33 14.33 14.33 14.33 14.32 14.31 14.31 14.31
14.59 14.58 14.58 14.57 14.57 14.56 14.55 14.55 14.54 14.53 14.53 14.52 14.52 14.51 14.50 14.50 14.49 14.49 14.49 14.49 14.48 14.47 14.47 14.46 14.46 14.45 14.45 14.44 14.44 14.43 14.43 14.42 14.42 14.41 14.41 14.41 14.40 14.40 14.39 14.39 14.38 14.38 14.38 14.37 14.37 14.37 14.36 14.36 14.35 14.35 14.35 14.34 14.34 14.34 14.34 14.33 14.33 14.33 14.32 14.32 14.32 14.32 14.31 14.31 14.31 14.31 14.30 14.30 14.30 14.30 14.30 14.29 14.29 14.29 14.29 14.29 14.28
14.53 14.53 14.52 14.51 14.51 14.50 14.50 14.49 14.48 14.48 14.47 14.47 14.46 14.47 14.46 14.46 14.45 14.44 14.44 14.43 14.43 14.42 14.42 14.41 14.41 14.40 14.40 14.39 14.39 14.39 14.38 14.38 14.37 14.37 14.36 14.36 14.36 14.36 14.36 14.34 14.34 14.34 14.34 14.34 14.34 14.33 14.33 14.33 14.32 14.32 14.32 14.31 14.31 14.31 14.30 14.29 14.29 14.29 14.29 14.29 14.29 14.28 14.28 14.27 14.27 14.27 14.27 14.26 14.26 14.26 14.26 14.26 14.25 14.25 14.25 14.25 14.25
14.47 14.47 14.46 14.46 14.45 14.46 14.45 14.44 14.44 14.43 14.43 14.42 14.42 14.41 14.41 14.40 14.40 14.39 14.39 14.38 14.38 14.37 14.37 14.37 14.36 14.36 14.35 14.36 14.35 14.35 14.35 14.34 14.34 14.33 14.33 14.33 14.32 14.32 14.32 14.31 14.31 14.31 14.30 14.30 14.30 14.29 14.29 14.29 14.28 14.28 14.28 14.28 14.27 14.27 14.27 14.26 14.26 14.26 14.26 14.26 14.25 14.25 14.25 14.25 14.24 14.24 14.23 14.23 14.23 14.22 14.22 14.22 14.22 14.22 14.22 14.21 14.21
14.43 14.42 14.42 14.41 14.41 14.40 14.40 14.39 14.39 14.38 14.38 14.37 14.37 14.36 14.36 14.35 14.35 14.34 14.34 14.35 14.34 14.34 14.33 14.33 14.32 14.32 14.32 14.31 14.31 14.31 14.30 14.30 14.29 14.29 14.29 14.28 14.28 14.28 14.27 14.27 14.27 14.26 14.26 14.26 14.26 14.25 14.25 14.25 14.24 14.24 14.24 14.24 14.23 14.23 14.23 14.23 14.22 14.22 14.22 14.22 14.22 14.21 14.21 14.21 14.21 14.21 14.20 14.20 14.20 14.20 14.20 14.20 14.19 14.18 14.18 14.18 14.18
